#FORMAT: BEACON												
#PREFIX: https://d-nb.info/gnd/												
#TARGET: https://www.musikbibliographie.de/REL?PPN=												
#FEED: https://github.com/musikforschung/BMS_Beacon/blob/main/dmp/beacon_dump_tp.txt									
#LINK: https://www.w3.org/2000/01/rdf-schema#seeAlso												
#CONTACT: Bibliographie des Musikschrifttums <bms@sim.spk-berlin.de>												
#INSTITUTION: Staatliches Institut für Musikforschung Preußischer Kulturbesitz												
#NAME: Bibliographie des Musikschrifttums BMS online												
#MESSAGE: Publikationen von und über (Name Person) in der Bibliographie des Musikschrifttums | Literature by and about (name of person) in the Bibliographie des Musikschrifttums											
#DESCRIPTION: Die Bibliographie des Musikschrifttums (BMS online) verzeichnet internationale, wissenschaftliche Publikationen zur Musik. Dabei werden Bücher, Aufsätze und Rezensionen aus Zeitschriften, Festschriften, Kongreßberichten, Jahrbüchern, Sammelbänden und kritischen Berichten musikalischer Editionen berücksichtigt. In der Liste sind die GND-IDs (Tp1-Tp4) und die zugehörigen BMS-IDs von Personen verzeichnet, zu denen Literatur in der BMS nachgewiesen sind. Dabei kann die Person sowohl Autor als auch Thema der jeweiligen Publikation sein. | The Bibliographie des Musikschrifttums (BMS online) lists international, scholarly publications on music. Books, essays and reviews from journals, festschrifts, proceedings, yearbooks, anthologies and critical reports of musical editions are considered. This file contains the GND-IDs (Tp1-Tp4) and the corresponding BMS-IDs of persons for whom literature is indexed in the BMS. The person can be both author and subject of the respective publication.				
#TIMESTAMP: 2025-12-02
#UPDATE: weekly


123639360||008824762
1237449456||008824126
124251927||008819416
119297914||008819025
130367052||008818584
135084024||008817103
135097517||008812586
135231353||008811512
1327133296||008811490
1307242995||00881127X
134573277||008807787
120817268||008807337
116785713||008799369
13010406X||008794928
135451787||008790183
122728505||008789908
122983610||008789894
134898362||008788944
1017855145||008788936
135824486||00878826X
1323926569||008787468
1323769137||008786399
1323768866||008786372
116980834||008783381
1323378782||008782245
1323368116||008782210
1323363742||008782199
135161703||008782156
1323336257||008781885
130590711||008781583
1323224149||008780846
1322777004||008777500
130522031||008772983
121819604||008771707
1073832856||008769273
1052547133||008769265
1063816300||008769184
1169358217||008768781
1321371179||008765901
135342155||00876588X
105232696X||008764875
1253021783||008763267
135248159||008763232
1234410761||00876302X
1320966500||008762007
13526930X||008760306
134413393||008760292
134539354||008760276
143126393||008759928
103789340||008759413
132133954||008758093
103812121||008758042
134965833||00875800X
1132277884||008753202
130250481||008750114
1168240905||008748551
134786971||008747318
124396941||008746257
134349091||008744793
140919732||008743150
11895850X||008741107
13282499X||008739722
141560630||008739501
1250358949||008733678
1045975990||00873013X
1190055066||008728437
131620932||008726566
1286080797||008726183
119043572||008725152
1176065017||008725098
119078821||008723478
1153062992||008723362
1214249914||008721475
1132272718||008720975
1020123516||008720762
134763807||008718695
135293715||008718334
135325404||00871830X
107316800X||008718245
138047634||008718237
134574362||008716668
134381033||008716609
11917877X||008716587
130581135||008716110
140533028||008715696
103824499||00871441X
135016142||008712875
135343577||008712824
117434019||008712816
128741201||008712530
134949188||008709726
13526345X||00870953X
1041808178||008708940
118858815||008708592
135069947||008704953
128730684||008704619
1314097717||008703841
135270367||008703140
1313961868||00870239X
130523054||008699712
13483285X||008699356
116610638||008699348
129847097||008699267
132550342||008699232
11672594X||008697949
139443649||008696721
1015668542||008695792
1041963602||008694222
1170719384||008694125
134618866||008691452
119278332||008684790
135357349||008680388
1267510900||008680167
115736220||008680086
13498787X||00867809X
12986451X||008678030
128576960||008677972
134774531||008677298
1014608597||008676798
123667933||00867468X
103909664||008674051
143533258||008672490
118932322||008666431
119025361||008663513
123891124||008663483
134945239||008659729
135074452||008651302
135308399||008651299
134576551||008651280
134903331||008651264
117071153||008647828
134351428||008647399
1072525992||008646996
104241160||008646988
173768849||008645876
1011896133||008645868
1011898365||00864585X
13447659X||008645841
116835737||008645817
133483088||008645809
131993348||008645795
116032347X||008644845
123970857||00864473X
128628464||008643725
116603054||008642443
123747112||008642281
135465311||00864196X
116057165||008638977
140029036||008638918
121151824||008635463
132569388||008635137
131491946||008635129
138112746||008635056
1035429810||008634351
1018516905||008634114
134428293||008634041
103797998||008634033
134318927||008633193
13797910X||008633142
1304012638||008632359
139912517||008616728
1146813759||008610525
132392267||008610517
134545753||008610177
135146658||008610169
119464470||008609098
133993744||008605424
1069143464||008605270
134353420||008602840
128910623||008600716
1055936289||008599963
1045175587||008599777
122168984||00859905X
120687615||008594066
124087108||008593973
121803007||008592985
129996521||008592934
134855701||008592926
129566446||00859256X
134718569||008588929
103936130||008587329
119426277||008586349
124685846||008586330
1112683208||008582890
130048747||008581967
1065690355||008577153
135457416||008577137
135102758||008574197
123995817||008574170
1057339709||008570248
123936233||008565112
141188928||008567581
128825936||008567522
119117819||008562598
135101506||008562563
135048028||008563519
134393864||008563314
116831359||008563292
132970767||008563284
1056445009||008558787
119466902||008557772
134255348||008557748
124852874||008557721
141498641||008557683
138178097||008557403
119189941||008557047
133895645||008556490
120491915||00855255X
123978599||008552266
123039711||008551731
117247588||008550476
117133442||008550441
129464430||00855028X
135209242||008550247
134961633||008549303
103903283||008548625
103851933||00854848X
124565476||008548080
116338083||008542740
118017802||008541744
135447372||008539898
133268624||008537119
118866575||008535957
115458026||008533946
143264397||008531749
11911044X||008531684
134375114||00853165X
128698144||008531609
128388455||00853005X
119274582||008526036
119512629||008525889
1247770842||00852551X
1079507922||008525471
119237628||008525463
119929148X||008525455
134832809||008525129
123541395||008525110
132076969||008525102
133032531||008525080
133756793||008524955
118875775X||008524386
134358201||008524378
118955683||008524343
104198273||008524149
118677780||008524114
134610199||00852226X
134121457||008521565
133725979||008521174
138122113||008521018
122572378||008520135
128450525||008520054
124578772||008518734
101279363X||008517991
134785096||008516111
13472819X||008514763
129293237||008514739
124459161||008514216
124611249||008514208
124540384||008514194
118834827||008514186
124261388||008514119
14269875X||008513260
103823719X||008511640
141894407||008511608
104274263||008510784
129462144||008510776
104067020||008510695
134585291||008510687
135180961||008510660
118755927||008509875
122010604||008508410
129743801||008506779
134342135||008506213
124142656||008505519
13530590X||008504423
1116376164||008504350
115756221||008503338
134817826||008502226
122063759||008501084
11718182X||008501076
104066660||008501068
103819088||00850105X
123027993||008501041
11909388X||008500045
118726579||00849889X
106085631X||008498768
124621554||008497486
1229195947||008497478
123315778||008496552
122437284||008496536
134697804||008496056
1123603154||00849603X
1242567283||008495777
129198196||00849553X
1031657355||00849486X
119307995||008493677
1271403943||008493626
10284190X||008492565
128470801||008492336
118852191||008491631
132242567||008491607
118868829||008489475
119296756||008489432
11895945X||008489386
116599898||008487057
117152838||008487014
128580399||008487006
11866364X||008486980
124954022||008486859
118985388||008486239
1057973211||008484333
118775073||008482047
13138645X||008481377
118849891||008478996
1089220049||008476454
1283993600||008474958
1016240309||008473633
135331986||008473226
128763647||00847298X
103871799||008471290
124244831||008471282
134340191||008471266
118839683||008471258
123937280||00847124X
103901361||008471215
1055670734||008471207
128573201||008471177
117112054||008469954
133002756||008468273
134838645||008466475
119392984||008461147
134588355||008459762
134541715||008459142
1066469075||008459983
131624350||008463069
1089756240||008460302
132117215||008459495
132615932||008463123
1228918708||00846183X
134481941||008463263
118549952||008460922
132077396||008463085
1168758904||008460825
14161823X||008463654
109751280||008460329
122834798||008459436
123638704||008460280
134915070||008460264
120941791||008461414
121436047||00845938X
124935575||008462542
132086794||008463107
134553012||008459959
103851801||008458790
1182709559||008458588
119293161||008461112
134884868||008463328
134512162||008457433
13548443X||008457425
12145407X||008455651
1282897411||008455279
128763396||008454221
118982044||008454183
1042071128||008454019
1037140761||008453012
130584967||008451524
115782516||008451125
117313556||008451095
133997316||008449945
116992794||008443238
1089750927||00844322X
12876371X||008441901
130255645||008440387
134386167||008438226
117334391||008438099
116228787X||008437955
123939100||008437904
135311306||008437866
1212819896||008437831
134739787||008437823
134715209||008437815
1013644239||008437645
135229898||008437637
135354390||008435960
135385490||008433887
13439027X||008433879
134742648||008433526
134977173||008430438
135401089||008430357
134722108||008429529
115556982||008428298
134762711||008428220
13494030X||008427429
134839609||008427011
1153801248||008426333
1279903791||008425825
128673281||00842229X
112398705X||00842053X
118579487||008419183
134375947||008418780
1267507640||008417725
134506669||008416087
111841909X||008415439
134724429||008415358
1278695095||008414874
135163250||008414858
1056375442||008414645
132097737||00841226X
13521985X||008412081
123940087||008411689
13332009X||008411107
124907555||008410852
103860347||008410615
133704262||008409978
13151671X||008409927
103843299||008408548
137459556||008406022
1042222215||008405867
103811303||008405778
134800524||008404844
135511305||008401950
13294622X||008400989
1018167048||008399573
1032628375||008393400
116265221||008392498
130387983||008392471
1107194202||008390312
116644729||008387575
135203511||008388598
123507235||008386935
12337541X||008385637
129352993||00838522X
1220536970||008385092
134362721||008384282
11907317X||008377391
12873941X||008374708
134869850||008374562
1028941188||008370486
1089794673||008369445
123677963||008369380
128679948||008368430
119517523||008367221
102850992||008366322
135482399||008366314
134376390||008366055
1048751791||008365253
1062572084||008365105
134573285||008364982
131976435||008364141
11612041X||008363412
102499403||008362939
133043746||008362912
1178086763||008361363
120407868||008360200
123126215||008360197
117741116||008360189
105549202X||008360162
128851147||008360154
134456602||00836009X
119094916||008360057
119029669||008359466
118567756||008357692
134805127||008357684
122063562||00835765X
135388694||008357641
134883985||00835572X
141080132||008355703
104063947||008355215
134601491||00835426X
134409620||008354243
141397675||008354170
118684493||008352801
134625706||00835278X
131748688||008352208
122703898||008352070
134561147||008347972
118738453||008347182
12488928X||008343489
1024640833||008343187
123497302||008342091
1067537589||008342008
124133177||00834177X
135080525||008340234
134558308||008336970
134499522||008336962
135033063||008336954
1017709254||008336938
134595513||008336822
143940414||008336180
134597591||008333645
133024504||008330980
134409361||008326991
134467388||00832610X
129810177||008325693
134865022||008324719
1269051334||008324506
128483830||008324476
1254554394||008321833
134395425||008320918
104066717||008320799
117112984||008320772
143498991||008320128
132949601||008318921
124388108||008318913
134416872||008318840
135172292||008318794
134774930||008317496
1026471788||008314357
134346335||008307008
134228332||008303908
134360893||008303894
119268752||008303878
119332450||008303738
1064473520||008303045
135068932||008301743
118746731||00830159X
134397347||008301565
129790036||008301549
124526055||008301506
12307651X||008300712
134350685||008300704
119401053||008300690
120873427X||008299455
103899731||008299420
134700384||008299366
124865283||008299331
116214708||008298246
1145182038||008298076
134391616||008297967
121347494||00829643X
1194248136||008295271
134762738||008293627
1057648906||008293015
130004251||008287864
135239648||008287856
129502693||008285594
129464929||008284598
116536225||008284377
139638806||008283206
103902457||008282382
116279419||008282234
118844822||008279845
123690471||008281165
136001572||008281084
119368706||00828038X
123997593||008277559
132883317||008277524
129809942||008277389
131667750||008274568
116856254||008274541
103839267||008274517
131624741||008273421
135126371||008273405
1264601972||008272905
118744194||008272662
119401177||008272166
1264456603||008271542
124224857||008271321
137274688||008271283
122499336||008271240
122506863||008271232
116622520||008271224
119357437||00826936X
134679989||008269181
137144342||008268797
119400669||008268312
134338472||008267871
119426064||008267847
135520681||008267758
116114185||008267324
129854638||008267286
103792198||008267278
116132051||00826726X
128615621||008267251
123424623||008267073
103470124X||008267065
12399473X||008267030
134840089||008267014
124973817||008267006
129773166||008266999
109993219X||008263132
1058654594||008262128
1032887141||008259496
123349907||008256276
134472780||008253633
130835293||008241694
134801679||008237727
103811982||00823339X
132712768||008226563
122097610||008223246
124211259||008222290
134476433||008220840
124804640||008219222
124022162||008218900
123246660||008218463
128558407||008215545
124103448||008213852
124645712||008213151
128434864||00821221X
119286734||008211981
128839716||008207569
128434880||008207070
135275458||008206694
118871609||008203997
102424853||008203911
134362284||008193738
123027985||008193185
135202175||008193002
119001314||008190046
11854229X||008189277
122153472||008188777
134669932||008187495
124946135||008185034
134716493||008184089
1017004293||008177139
116650974||008175020
120272903||00817461X
134762061||008161739
103780777||008157057
1238918484||008155755
119041855||008152764
121985989||00814947X
134268458||008149410
120997827||008149291
132550768||008145563
103853286||00814544X
131995952||008141983
132001446||008141959
1034346016||008140227
134929144||008138915
172208459||008135029
116926201||008133328
124119115||008132720
13440162X||008132674
128816155||00812955X
124816304||008128774
11036094X||008128324
134333454||00812566X
116546662||008121710
119009676||008121567
103849319||008111545
134484290||008141053
118779702||008153221
139223622||008256799
13467152X||00810767X
134475070||008107653
118886991||008105782
135468256||008105723
134984021||008105596
138673276||008105294
119456036||008103577
1034941747||008103321
1172521867||008102643
118825682||008101655
116580666||008101639
124543758||008098778
11681859X||008098387
134558006||008098085
134561872||008098077
134574842||008098050
134324927||008097208
134841026||008096627
13523669X||008096619
135333776||008096457
139976523||008096368
134311469||008096139
129740446||008095973
122853687||008095965
135067286||008095809
134891058||008095256
128441100||008095248
134535944||008094977
134457129||008093601
133907694||008093512
134686756||008093458
135307872||008093091
116539062||008092745
134359917||008092710
102589717X||008092702
134484428||008092680
135359996||008092559
103846050||008091854
134364074||008091641
13200867X||008091056
1153906198||008091021
1157122159||008090920
1089769644||00809070X
1072081911||008090254
134576640||008089795
1105491668||008089779
134885287||008089752
1236408594||008089620
134935071||008088608
119261839||008088144
123965268||008088136
123964857||008088128
135413605||008086648
134744802||008084696
142937126||008083932
1172216827||008082073
134370945||008081573
1162642815||008081549
133012247||008079811
134635485||008079803
134741226||008079544
134856317||008079536
1066349878||008079463
13491676X||008079315
142741965||008075433
116450525||008075409
134446593||008075328
1033726346||008075298
128457236||008071810
1244554952||008071322
135501792||008069506
128977701||008069492
134312392||008067686
11363644X||00806749X
1209692821||008067406
135242444||008067333
128376198||008067325
13538561X||008067317
1128829274||008067198
140911553||008066957
134335082||008065861
13622640X||008064148
13493346X||008064083
140531823||008063540
1257246011||008063362
124209084||008063192
124209068||008063184
12420905X||008063176
135364485||00806279X
119262592||008062773
134506367||008061815
141189460||008061661
120755106||008061629
1050700201||008060738
132869810||008059829
129052779||008059810
131911767||008058512
134797647||008057893
1047971216||008057656
1256722804||008057036
118524119||00805701X
128751150||008056455
1256641731||008056447
129979112||008056439
103937099||008055254
134514939||008054967
1042933162||008054959
1015648835||008054908
1046352059||008047898
11553203X||008045917
118644572||008044643
124571085||008044635
139276645||008044546
123177677||008043418
13269882X||008042276
120894785||008038309
101663935X||008038201
123027977||008038198
103867817X||008038171
119445204||00803768X
122230450||008037671
103177257X||008037582
134771885||008037566
134700120||008036535
134714008||008036519
134426975||008036446
13445930X||00803642X
134740807||008036411
138517584||008036381
134496183||008036365
117404551||008036314
118009230||008036292
124528805||008036276
121670244||008036268
139648453||00803544X
123895758||008035326
133885887||008033676
1254718656||008033668
134531078||008033358
111672815X||008032319
135740851||008025983
104692186X||008024820
1106270983||008024812
134454553||008024804
134611047||008024790
12185017X||00802474X
134610067||008024715
134692756||008024618
120474123||008024499
1226183689||008022550
135251753||00802247X
1162309423||008022267
1253938911||008022224
13480757X||008020612
134745752||008020124
1253689709||008018642
135310288||008013187
131998412||008012628
143493531||00801230X
13283202X||008012296
12340312X||008012288
134582713||008011311
123516781||008009899
130413240||008009864
13452506X||008009856
13451887X||008009848
124172075||008009813
135425107||008009767
124110118||008007462
132814870||008007071
129467529||008007047
118921827||008005389
118856413||008005370
1252758006||00800465X
142593710||008004617
12945706X||008004552
134384660||008004250
134482867||008003750
119007177||008002843
134397223||008002576
134857623||008002495
134398327||008002398
13439710X||008002371
134501594||008002355
1239454481||008002274
135173558||008001472
128739312||008000840
1252267517||008000166
1252254598||008000050
1135809283||008000034
122261836||007997736
119264110||007996993
125157940X||007994206
119348632||007992033
135369053||007993099
134483022||007993072
134592379||007992459
123260698||007992165
138012075||007992084
135439140||007991150
135423457||00799110X
128861649||007987188
104090359||00798717X
135350638||007985479
12999510X||007983980
134779150||00798328X
134766016||00798300X
1046085239||007982186
140907459||00798197X
134539338||007981767
1068826886||007980469
13523509X||007979819
123165687||007979738
1193045258||007978588
13538088X||007977700
135500583||007976844
1249710723||007975759
134327659||00797566X
1054147086||007975457
134707494||007975414
134676882||00797499X
1249524040||007974892
116527064||00797485X
1066348294||007974841
1118525949||007974787
136646123||00797423X
118918281||007974124
1030536457||007974019
121423093||007972210
124209734||007972024
124209645||007972016
120456052||007971974
118911902||007970625
128662190||007970595
122866622||007970579
135203457||007970544
134462505||007970501
13164307X||007970463
135251206||007970358
1068340797||007969821
13295799X||007969813
1112096221||007968191
1051228026||007966849
132220563||007966466
103811095||007965354
135050626||00796532X
119285142||007965303
138222525||007964463
128657782||007959648
118874047||007959613
129070785||007959540
139092218||007958919
1067535926||007957912
134919491||007957904
132923386||007957882
135507944||007954166
123649676||007954158
130038598||00795414X
1023892162||007953178
1164474049||007951892
11703603X||007949162
123838959||007948344
135017130||007948328
135017149||00794831X
1233812505||00794683X
1036244768||007945590
103826777||007945477
102499683||007945361
132408465||007944977
1067268766||007944934
13654309X||007944659
119400812||007944632
102411220||007944594
133576132||007942966
13493508X||007942702
118515330||007942478
1246091879||007942443
1033145637||007942419
133748790||007942389
1116386127||00794232X
114005046X||007940688
132464284||007940556
1025098412||00794053X
12376887X||007940521
153329424||007939256
10400715X||007939108
119086875||007938853
103908064||007938802
103915877||00793713X
100065961||007935471
122750209||007935382
124015875||007934084
135479088||007934041
134612795||007928017
135283922||007927142
11802129X||007926561
124749356||007925379
119370581||007923589
118760505||007919514
1207008958||007918909
1207415987||007918895
1243615559||007918666
135060079||007916914
118805398||007916825
103959114||007913842
134800389||007913516
134330242||007913184
134414780||007912854
135041880||007912838
118964011||007912633
134477170||007911408
11917099X||007910010
134760808||007909004
140858571||007907214
133319768||007907184
1136138242||00790715X
139035656||007907125
1084612402||007905939
1155982703||007905912
1100539484||007905637
134858867||007905629
143368540||007905203
119202417||007905033
124818285||007904568
1060986213||007904142
1075842034||007904053
134820045||007903995
136436080||007902743
134401700||007902689
134552091||007902263
134579690||007901909
132045281||007901135
134477979||007900066
128825138||007899378
1196633177||00789936X
189558806||007896689
132800772||00789578X
1021169064||007895070
102054211X||00789452X
134720385||007893973
134611381||007892551
13505611X||007892071
116510471||007892063
141012285||007892055
12337524X||007892047
135324173||007890966
13448343X||007890869
134589319||007890818
124096816||007889836
13513420X||00788981X
119396521||007886322
104206810||007885482
103895116||007884664
134392817||00788463X
118981889||007882998
134479289||007883323
139047921||007882106
136428096||007882092
104287071||007881517
13465515X||007880464
135040086||007878729
136006337||007878710
103787038||007876076
1042288976||007877951
116719265||007877781
120665328||007877765
129195596||007877749
134900871||007877455
134399218||007877056
118956876||007875517
1072584549||007875479
1239461364||007874464
124252990||007874081
124953824||007870965
134936000||007867727
103813543||007867700
11624058X||007865902
119085925||007865864
119514974||007865856
129481912||007865422
1025084691||00786518X
131502999||007864884
138778523||007864183
134413245||007863780
100458572||007862199
116750162||007861753
124496865||007861591
119302233||007861427
124209610||007861419
13590319X||007861354
135967562||007860587
130618195||007860129
135112923||007860102
121315878||007860099
116276258||007857845
118891480||007859449
134742044||007858795
134437616||007858256
116728906||007857810
1228876754||007857470
1145603912||007857225
119018748||007856121
103803874||007854838
11871662X||007851634
133760324||007851081
118653393||007850980
119000121||007850972
10427719X||007850905
135472393||007850840
135020301||007850832
124377505||007849176
12844097X||007848307
134599632||007846274
133129500||007845936
131538837||007845901
1119175313||007844956
143373285||007844441
128703679||007844107
134941446||007844093
134894596||007844085
140533435||007843828
13528905X||007841930
1204220840||007841914
124523862||007837674
11649333X||007837305
135556546||007836716
117708070||007836600
134329279||007836554
124265952||007836538
119023806||007835876
139097422||007834330
116409789||007832427
117079766||007832338
118918141||007832117
116513365||007831242
1223638901||007830556
1075504287||007825757
134455274||007825595
12480635X||007823266
121656284||007822057
117427292||007822049
1045485470||007820925
1042070393||007820631
121934101||007819366
135453917||007818106
119512572||007818092
132419424||007817541
124704077||007817533
134889533||007817495
139283862||007815727
123161134||007815646
115739165||007814631
116843217||007813813
134614658||007813678
137289367||007813643
135398088||007813635
134338634||007813600
100696309||00781352X
134032438||007812523
123351812||00780928X
1179713044||007808526
1046815075||007807333
134746813||007807007
1143267672||007805497
128287381||007804512
119048035||007804458
119477459||007804407
130580392||007804261
102182191||007802013
100344216||007801874
1234105802||007801009
11896268X||007800770
13146776X||007798490
123146518||00779519X
133943585||007793472
102085832X||007792794
123372326X||007792557
134636716||007792247
141307188||007792239
134594983||007790570
132121204||00778855X
121570924||007786379
121760294||007786034
118589024||007784910
119019507||007784813
118905031||007782128
129890774||007781156
119022249||007780745
1095501674||007780648
139450203||00778063X
119006987||00778015X
104311630||007780095
104013516||007775393
100465692||007775385
140551905||007775377
134367960||007771630
11880300X||007771320
1181439051||00777088X
134706722||007770375
132511487||007770332
134975316||007770057
116580305||007770022
121490874||007769970
1037697502||007768826
134479513||007767846
123774330||007766122
120407663||007766076
1029609039||007766068
131910329||00775891X
137683529||007758812
1231468408||007756445
134615220||007756380
135250102||007756348
135482380||007756321
124218296||007756305
103782605||007756216
1144305764||007756194
116045787||007756186
123629047||007755643
134746732||007755309
119369001||00775454X
138306761||007752504
134571975||007751567
103784467X||007751540
117357669||007751265
130202843||007750234
119121387||007748795
134616936||007747799
119112337||007747721
133325156||007747403
100833047||007746059
134311566||00774594X
129234796||00774496X
135125944||007744366
133151875||007743963
103926348||007743912
129024368||007743890
120065843||007743866
118715658||007743122
121602869||007741561
104264750X||007740891
123632285||007740867
13467443X||007740816
1118652339||007740808
117025410||007740778
117009946||007740190
132113953||007739184
123741874||007738749
118758829||007734417
117395404||007734255
119242036||007734034
1176135287||007733739
12213124X||007731701
122352084||007731671
116416936X||007730950
117391077||007729456
132349302||007729421
134478800||007729340
103902422||007729049
1152213962||007728980
103905294||00772828X
119495147||007724349
119267101||007724322
134702735||007722621
128960272||007722605
122633466||007722583
130175773||00771940X
103899227||007719388
116020776||007714017
1209412667||007713797
134935489||007713282
119412489||007713266
136010601||007710585
132544318||007708947
134394712||007706359
1046665952||00770710X
124499325||007705751
10436873X||007705603
135898560||007702892
124948057||007702876
118640348||007701144
134862570||00770108X
118574345||007700652
123633494||00770058X
12337183X||007700555
128899352||007700520
1186914815||007699042
1204937400||007698909
103941983||007697511
11880541X||007697392
117465186||007697287
11927986X||007695063
1154627209||00769475X
134631307||007694741
123625203||007693370
1043030409||007693338
134806883||00769332X
119145006||007693036
129832502||007687079
1190586266||00768536X
1190586363||007685343
1065248881||007680511
116874368||00768035X
104026332||007677871
134542266||007675046
122189701||007676573
122097580||007676042
103831657||007674899
128380144||007674821
135000742||007674643
119278863||007674252
1225710952||007669607
1200648889||007668007
133406148||007667965
135405130||007665385
1146702493||007665016
108979150X||007664672
123219841||007661207
134608720||007659431
118706039||007659334
134657497||007658052
119549220||007657773
1047151855||007656815
134523911||007655290
119327856||007653484
136318347||007651465
135678110||007651341
130349763||00765118X
134582934||007649258
103780475||007649029
128961368||007647212
104206829||007648278
1016467559||007646372
12361564X||007645945
119267640||007645902
119500086||007645333
189469188||007644590
123920086||007644566
1216596131||007643403
1096508494||007641370
1044196203||007637578
120713039||007637489
128827661||007637411
100850995||007635818
1205916334||007634285
134417526||007629680
120560720||007629192
121236463||007629184
122965124||007627114
1170367887||007627041
130000833||007622813
124198198||007619030
119088088||007618832
103792546||007618824
118773747||007618794
1013840003||007618247
122800648||007618107
1019772395||007616074
135064031||007615779
118853341||00761456X
1069558028||007612664
13757973X||007611986
134874889||00760971X
134601718||00760727X
1036942449||007607199
134849078||007606680
119405822||007602472
134640179||007599625
124983022||007595387
1012645002||007592817
134843797||007591179
119007053||00759092X
118608355||007590717
123928273||007588801
119111098||007588313
116447745||007584164
119262495||007582900
13464476X||007581017
13532890X||007580908
116067071||007580746
131731173||007579497
120374366||007577680
118750178||007577648
140114491||007575610
129951102||007575459
135478340||007572999
134311167||007572980
103444509X||007572972
134439902||007572964
135485851||007572956
134110358||007572921
135370116||007572891
134554922||007572875
103793755||007572867
143310402||007572786
132652323||007572743
117395188||007572735
130217549||007572727
134526376||007571895
134657365||007571216
123164206||007569858
129412546||007569777
1037948807||007568665
133659631||007568606
130614262||007568401
12097956X||00756838X
1016508689||007566433
1125651563||007566085
103844988||007565003
123997496||007564953
1014511763||007564872
136477399||007564805
134648021||007563256
13466325X||00756323X
103943188||007560273
132033216||007560214
132033194||007560192
116403896||00755124X
1219670332||007550154
135251370||007548192
136489508||007548109
129495751||007548060
116954787||007544030
135085314||007546068
12365758X||007545096
11941077X||007543697
136423701||007543654
130638595||007543360
121210588||007541791
132253100||007541503
12457808X||007540086
103893822||007540051
124680089||007540043
130841218||007540019
131822519||007533535
131895885||007533101
1029585717||007535082
1026697697||007535007
123818796||00753454X
13444745X||007530218
103928146||00753020X
1030295298||007529112
1136092218||00752868X
135108470||007528493
133252523||007526342
13028842X||007526148
1205039589||007526121
134673646||007526113
135224284||007526067
124709419||007526008
133063887||007525982
1139142364||007525958
1017597944||007525923
134343336||007525281
124057438||007524838
129485209||007523246
124523951||007522908
133318109||007520751
11605915X||007520409
13535420X||007519923
132753014||007519893
129809896||007519869
103828397||007519311
13153081X||007519281
1170697259||007518781
139182772||007518633
120407930||007517912
118809466||007517742
124074960||007516800
134876709||007516622
120170124||007516479
118049410||007516436
128534001||007516363
124138454||007513518
120799480||007513496
122099850||007512627
124941524||00751171X
124058132||00751073X
116515570||007510152
134427629||007509952
138567956||007509413
1058454617||007509391
129315613||007509200
132006448||007507054
119161435||007505132
140368698||007504683
121742253||007503857
134373197||007503725
13436872X||007500831
124485723||007500823
134460162||007498462
138363803||007495919
12093745X||007497490
13590417X||007495277
1063665531||007494459
114712809X||007492391
120889668||007492014
132851628||007492006
137762852||007491972
117196061||007491034
135251605||007485336
1177306948||00748495X
13621665X||007484941
117004758||007484925
1069295094||007484666
124905560||007480520
135366895||007480512
134848209||007479689
138224102||007479115
11945601X||007479085
1190676168||007479077
118911910||007479069
132400421||007478097
122623142||007476612
12318617X||007474822
121716503||007474105
116517689||007471521
135124859||007469179
122978242||007467737
128735759||007467249
118913212||007464207
118135295||007462581
119401223||00746066X
116452471||007459564
1022467956||007459300
135334462||007457847
1089902123||007456328
123677890||007454627
1038428041||007454406
103821112||007453639
1080202757||007449917
134450396||007446594
122994884||007446586
139538305||007446160
137673086||007445695
124269273||007442645
122614879||007442637
135461413||007435649
117202363||007432372
135375800||007427905
1024128849||007426976
124432905||007424809
124732720||007417276
116126558||007415427
1211012697||007415168
136544347||007414234
130324647||007414226
134744896||007413122
129402869||007412851
135241375||007412843
117422177||007412754
123964849||007409486
118901680||007400403
116149973||007400209
116607122||007400101
104311584||007397461
137997698||007393067
124785972||007392699
118761943||007380194
124145140||007374291
117477850||00736525X
1208876686||007361300
116421029||007352034
1044490934||00735178X
122920929||007351682
116379766||007351631
124423078||007350104
124422896||007350090
122674898||007350015
124768687||007349971
103789529||007349963
103637565X||007349912
119650967||007349882
119486725||007349866
11946683X||007349858
1076364926||00734984X
10379865X||007349831
12065413X||007349807
13502059X||007348258
1173121315||00734824X
124443907||007348223
118786962||007348193
1112047573||007348088
123913748||00734807X
118889710||007347987
128483156||007347901
1080064710||007347588
123054362||007342861
1020151978||007342322
104023821||00733849X
1067367888||007324332
1207007404||007335660
1206955694||007324901
117065870||007326505
103847863||007322933
119544962||007322925
134785045||007322798
131443038||00732278X
134606493||007322763
122867475||007322747
11907396X||007319924
129296538||007319770
122325176||007319460
122783239||007319258
12065511X||00731924X
118870319||007319207
123163498||007319134
122451406||007317751
118831410||007317735
118803352||00731762X
124841384||007317425
129261750||007317417
103776117||007317247
134660129||007317190
1133036708||007316771
118938967||007316763
122978463||007316267
102410577||007316038
117467766||007315988
133493776||007313942
103818073||007313934
123975220||007313918
124423795||007313888
116038063||007313624
134484320||007313578
1037563824||00731356X
116409207||00731082X
11936610X||007310811
135514533||00731020X
135048702||007308191
134830148||007290764
128679565||007289537
1197926070||007228953
116331623||007201338
134519949||007179235
118992880||007169744
134845641||00711401X
117402877||007112459
116954698||007110715
124622429||007110650
134333845||007110359
119112493||007110022
11675091X||007109962
129926396||007109911
123043638||007109865
130134767||007109040
116118423||007108958
117195960||007108907
135144930||007108710
104311746||007107986
121501272||007103530
116064250||007102348
107924266X||007090374
134713931||007090358
106279544X||007089880
134740378||007089821
1073186644||007089694
135197899||007089651
173897312||007089643
140171525||007089635
1075389038||007089627
142274992||007089619
134893999||007089597
104619559X||007087519
134906756||007087470
102499543||007087233
141479922||007086245
116796170||007086148
133343871||007085559
103936165||007085524
1075652839||007080069
122466055||00707901X
138258236||007077742
117009520||007073631
134530322||007073569
124173241||007072848
119000547||00707283X
119402718||007072384
134559673||007072295
11942911X||007070268
119189402||007067879
1193660033||007066562
128348089||007065566
134410483||007065558
118654268||007065256
118834754||007065019
135134234||007063962
116396466||007063210
116811528||007063067
135049237||007062419
103820825||00706229X
118938908||007060211
121559211||007057245
13538639X||007057008
128863390||00705498X
134769554||007053568
118661671||007052812
124514936||007052790
1015793142||007052502
129752703||007052499
101380704||007052480
134761200||007052375
123411173||007052243
131965719||007052189
103778047||007050992
103774971||007050178
120200953||007050151
124450512||007049110
123191645||007049099
130540552||007049080
119008068||00704786X
134868226||007047800
1089855990||007047789
1037890086||007046154
129159131||007045964
134316967||007045948
123775922||00704593X
123477506||007045905
134689437||007045468
135345928||007045026
13463473X||007044976
118938983||007043260
122638190||007043252
103798935X||007043058
12262162X||007041489
13535028X||007041241
11628840X||007038798
130094315||007038682
119070332||007038364
130294136||007035829
135140013||007035713
1198738405||007034989
123638801||007028210
129763519||007025149
11858359X||007025130
131579983||007025068
119380412||007024754
124976395||007024711
134546857||007024703
102410801||007024681
134909704||007024657
135067359||007024649
135442095||007022409
123633524||007022336
12057103X||007022263
134107861||007022239
136951929||007022204
134119126||007019483
117379069||007018827
119132656||007018517
134538234||007018509
116755741||007017375
124897916||007016484
131487817||007016204
116515937||007016107
116530804||007015658
1021278300||007015399
130048615||007015038
118144847||007014961
120408007||007014953
135487609||006984738
117465313||00698472X
1062801156||006984711
134902556||006984665
135210054||006984649
134766768||006984622
131597558||006984606
118607189||006984339
116760354||006984274
119475677||006984258
129292311||006983707
118816705||006983626
123772265||006983391
13014505X||006974422
123919622||006968139
134597451||006968082
119386569||006956289
121493547||006956238
118814044||006952569
138926263||006951473
119146525||006951260
116844086||006950922
116039280||00695054X
116096497||006939554
119335689||00693336X
134974336||006933335
121112101||006932231
134588274||006918514
132413108||006912044
135503825||006911811
135445078||006911803
135076196||00691179X
134937538||006911781
13492987X||006911773
133943798||006911757
130631566||006911749
12246320X||006911714
116428473||006911684
108960617||00691165X
130613401||00691151X
1065483872||006911501
1051781116||006905978
137658052||006905943
121502880||006904955
136873790||006904890
129491861||006904750
134471792||006904726
118814877||006903657
104075813||006903568
140342494||006902456
134478541||006902073
118835041||006899579
134593928||006899412
116929103||006899358
132307545||006898181
118880497||006890989
116995254||006890857
116374594||006890547
121817830||00688816X
13205857X||006888011
139432973||006887953
13529374X||006883028
135178258||00688301X
122416031||006880037
130320870||006880002
116051760||00687343X
134468988||006863361
122781376||00686306X
12112486X||006863035
140050205||006862365
121716473||006859801
11868518X||006859712
121329194||006859666
124576621||00685964X
135086884||006859100
118890670||006855741
118951114||006855342
1042855277||006854648
121505553||00685396X
1159529582||006853153
128535555||006852912
120890410||006852882
14084760X||006847323
130003166||006841120
119287889||006841015
134526090||006840930
119144549||006840345
1070630586||00683826X
122627121||006836550
134968425||006836542
123260558||006836534
11686060X||006832482
123437571||006832458
118864122||006832431
173739709||006830862
134977858||006822363
130330728||006821413
120890038||006819885
133453804||006819532
120571021||006819427
135362830||006816231
116035862||006812171
116677627||006811698
134742893||006810926
134910540||006810888
135436400||006809820
130624659||00680974X
117499277||006808689
123468833||006807879
122210123||006806805
1155542347||006804993
13301763X||006803520
121668029||006801498
119427621||006799566
1166569101||006798810
11873590X||006798802
119082462||006798756
124669565||006796931
128959142||006796923
119438100||006796915
103850619||006796907
119157977||006792758
118718568||00679274X
118957627||006792731
118907964||00679128X
124458939||006784658
131575864||006783953
1071827464||006783864
12198365X||006783015
134500083||006782884
118851233||00678206X
116873167||006780806
13512669X||006779921
131848348||00677945X
116252499||006776493
1031166025||006776485
100681751||006766110
118832034||006765947
118514571||006765718
120975696||006763294
122850904||006761488
124217184||006760376
1014022096||006760260
118582240||006759866
130876704||006759807
118518232||006759793
124423167||006759750
129463582||006758746
1177704250||00675211X
124957072||006751067
134488393||006748392
119295377||006746314
115366482||00674608X
1097410056||006745687
134999150||006745172
1115656678||006745075
116389397||006744966
123712432||006743935
135120268||006743862
136578241||006743811
122709020||006742939
132734982||006742904
11651387X||00674267X
118745832||006742556
134987365||006741835
132612267||006741819
13644153X||006741029
130223220||006740278
134349261||006738915
134564448||006737617
135483468||006736939
128532793||006736718
123983894||006736335
129567981||006734928
129568015||00673491X
130837830||006734677
139211780||006732763
1074918258||006732682
121538079||006730485
118559222||006729703
118921282||006729525
1170690238||006728731
11888543X||006727131
134794346||006727115
1175464899||006727050
1175013137||006722385
134879449||006722032
115709855X||006722008
122051831||006720730
129390283||006719104
137459823||006718272
135305306||006717691
119067455||006716814
1035578840||006712576
135403553||006712533
123715903||00670946X
1071618989||006709168
134628845||006694217
1088579205||006693164
1020321148||00669313X
13503910X||006693024
134536703||006692486
138367019||006691579
117158072X||006685943
118629654||006685307
116215119||006685218
1171499310||006684289
125827806||006679900
100975674||006676731
118757288||006676537
124185967||006676480
130104329||006675026
134509978||006673910
119419475||006673724
103781900||006673546
103820167||006672396
1154315495||006670202
135223024||006670059
1163208493||006665837
129653276||00666055X
13061730X||006660452
134409833||006660398
130147648||00665889X
118684418||006658849
122664051||006658814
134625994||006657214
120050099||006656560
132686228||006655599
122058445||006655416
11918107X||006654304
1147162042||006654207
120204908||006652344
1011504146||006651771
1089766874||006651763
137568312||006651755
129639230||006646786
13484078X||006645453
123284546||006644147
138159963||006638597
135112370||006638589
1068417536||006636136
1159986177||006636128
1167553667||00663530X
137360339||006634931
119064308||006634907
118850091||006634346
129809802||006632300
104064064||006632009
119368684||006631959
134401484||006630359
118507451||00662880X
131910337||006628702
116758031||006627579
11637280X||006626866
140531440||006625614
116448342||006623042
135034736||006622399
140457100||006621902
118569600||006621864
12309285X||006621821
11774123X||006621791
10390669X||006621783
122480686||006619711
140254757||006618995
134053400||00661860X
117121800||00661678X
128387025||006616542
116379987||006616526
116056789||00661650X
134961366||006616488
1068785772||006616178
13486381X||006614760
117370320||006613500
130847526||006611699
116707704||006611362
129462543||006610757
121807002||006610587
1164802453||006610463
134619609||006609945
118556193||006609503
119109034||006609171
131542893||006609163
117334456||006608973
135044243||006608957
132197006||006608906
103976485||006608663
1089830289||006608655
103842454||006608639
124347983||006608620
13530797X||006606369
119031191||006606261
1051413613||006605885
103777741||006604285
135376599||006604064
1055545069||006603920
103901612||006602673
143607707||006602339
134470036||006602258
122061209||006602037
121892778||006602029
135294835||006599494
1072591391||006597645
124927378||006597629
1163237906||006597602
118890948||006597580
134373553||006597572
135506433||00659753X
139461884||006597483
134697634||006597386
134863003||006597343
13507567X||006597297
1156354609||006597181
132280361||006595081
1162934638||00659252X
13443210X||006592228
1023590220||006588964
135321034||006588301
118566725||006587097
118602454||006586228
1031837760||006585450
11894049X||006584128
135030978||006583970
12925021X||00658327X
134531388||006582796
135510384||006582613
120843617||006581668
118656260||006581188
134313984||006579019
123453054||006579000
103832998||006578853
109627059||006578551
116149541X||006578012
116885793||006577849
1038102693||006572197
119494337||006571913
1161036520||006571212
116579684||006570569
120540231||006569145
134019199||006568122
120098709||006568092
121953882||006568025
134396707||006568017
116951826||006567843
134640012||006567274
122998057||006564070
134835875||006563600
118638602||006562930
116855835||006562825
1020451122||006561012
118828479||006560903
119043211||006560261
123709946||006559360
1019509007||006559158
109012364||006559034
135322200||006556590
124700497||006556256
123641586||006556248
116374969||006555993
116690194||006555802
128459891||006553907
1052038433||006553826
135332494||006552420
135609275||006552412
135428351||006552390
118579436||006550177
116204400||006549586
118559206||006549330
134873483||006548938
134675541||006547567
119545772||006547265
128813180||006547036
103887245||006545386
104016124||006544347
134420594||00654424X
119195364||006543847
11701513X||006543812
1066832374||00654309X
1152390805||006543057
134939808||006542999
128543086||006542638
134403037||006542573
134762258||006542441
1147586233||006542425
1110772874||006542352
1110772416||006542344
1140943391||006542328
12044688X||006542239
134823915||006542182
1052662854||006542085
1156558123||006541909
135043743||006541836
1135731705||006541011
120949105||00654083X
134623703||006537014
116357940||006536581
116267100||006536441
124824129||006534716
121317242||006534473
130239526||006533361
118892215||006532985
1145180264||006531121
118554085||006531083
1047902192||006530567
11919371X||006528236
13956442X||006526934
117375098||006525512
134687345||006524842
119392976||006521576
132722496||006520545
122210999||006520162
134942140||006520138
124974325||006520111
173743773||006519644
120869772||006518796
136052592||006518664
138458987||006518249
132371472||006518133
136001645||006518109
10387223X||006518087
135228433||006515886
134635507||006514073
12271766X||006514057
103860681||006514049
116049545||006512690
136886450||006512666
1154362167||006508294
13225008X||006507026
119499983||006506992
134563956||006506771
128498269||006506682
123314135||006506259
16010873X||006506232
172978890||006506224
102854351||006506216
123644496||006505007
134860500||006503233
1037772644||006503047
123652138||006502563
135043808||006502024
131390589||006500714
134331591||006500420
117506338||006499856
138188580||00649904X
1043614842||006498604
119127717||006498493
132298317||006497810
104325453||006497683
124002218||006496598
134391691||006496113
121592898||006496059
134583132||006494714
134176138||006494692
1031309330||00649353X
12236564X||006493491
1120312019||006493475
138199884||00649241X
105128659X||006491537
134535235||006491189
1028845839||00649059X
1069517704||006490417
130567027||00649031X
121599027||006490263
118922653||006490220
135096499||006488625
119302276||006486738
117076228||006486711
106804179X||006486681
124954278||006485820
102424799||006485790
136204147||006484700
129993611||00648185X
134400941||00648168X
1024580563||006481663
123235561||006478980
134888332||006478220
128977620||006477542
117334596||006476546
134395379||006475736
116924950||006475485
116581530||006475116
13462730X||00647425X
13401121X||006474241
134390776||006474233
123924871||006474225
1139791613||006474098
124013023||006473725
144016028||006473342
127614478||006473334
103924140||006473202
1081255153||006473180
117739286||006472168
1115213822||006471765
1104141922||006471684
1151069558||006469361
1151068675||006469337
1151068160||006469329
134580222||006468306
124334202||006468268
1150858044||006468055
111255842X||006467873
1104142333||006467857
103895531||006466729
134556089||006464920
12239352X||006464238
103904395||00646372X
133557030||006463681
103929150||006462782
134794052||006460887
1051646014||006460526
140835717||006460518
134842278||006460437
118618067||006460224
129290440||006458289
134581261||00645786X
1053083408||006457428
134507924||006456987
129711861||006456979
1060576163||006456626
129049603||006456529
13500585X||006456383
118885561||006456332
117267155||006456227
121656365||006456200
124470300||006456162
135508193||006455999
135116228||006455972
121309843||006453422
123772176||006453163
1149435984||006452361
124263585||00645223X
136732011||006449395
134667239||006449352
135411084||006448178
119071010||006448097
124976158||006445551
119087898||006445446
1107033748||00644539X
13235179X||006444423
134900197||006444202
1089907230||006442471
125006527||006442463
120342308||006441610
119088207||006438903
124211127||00643889X
135309581||00643827X
135174694||006438261
1030274908||006437788
141197595||00643777X
1038112540||006437761
11954265X||006437052
118676687||006437028
11662518X||006435475
132755793||006435416
137573227||006435343
1114753165||006434401
1078122261||006433936
11915627X||00643293X
11901789X||00643231X
1144373794||006432212
1030327874||006429963
119434296||006428924
123612950||006428908
120961717||006428886
134611306||00642886X
123191734||006426220
118596470||006426182
116133767||006426158
134608879||006426085
138504369||006425712
130433101||006425585
135471591||006425070
128887664||006425003
116250348||006424562
1144659175||006424368
17422401X||006423809
135226031||006421938
12335403X||006421725
1044497505||006420702
1131648099||006420486
119009986||006420435
136371329||006420206
1037804686||006420125
134411447||006419712
135468949||006419305
118511815||00641916X
134872126||006418295
123939038||006418104
134517547||006416292
119084368||006414176
119121522||00641415X
120751186||006414141
107439530||006413528
135442133||006409644
1103057588||00640944X
135502284||006406998
134556321||006406696
123264340||006406521
11860189X||006406165
134512979||006405789
118590693||006405266
12104307X||00640524X
123666112||006404936
118729047||006404820
141242116||006404375
141242167||006404367
134747224||006404359
1098210387||006404294
12367817X||006403719
135456614||006403662
11881611X||006403611
132412799||006403425
124140130||006403077
134625854||006402895
116593539||006402372
117212490||006402348
134414853||006402267
134529960||006402135
134809963||006401953
134959620||006401902
134721187||006401848
189556951||006401678
124926398||006401554
134435044||006401309
120146762||006401252
123316987||006401074
130613355||006401015
133432157||006400914
134458354||00640085X
124950698||006400752
134542576||006400728
133898717||00640071X
137044003||006400469
134459644||006400442
122786505||006400426
134372360||006400205
129788775||006400035
136496806||006399991
1070173495||006399983
1078299951||006399967
129280976||00639969X
12941798X||00639938X
1114993786||006399266
134194160||006399096
11015844X||006398812
11950359X||006398723
116756918||006398367
1129204359||006398146
119154765||006397530
1052418880||00639745X
134349776||006397417
126306869||006397239
1043381988||006396682
103849696||00639647X
103778195||006396399
134425596||006396283
117201170||006396046
134435788||00639602X
1032892218||006395953
133021505||006395856
124674283||006395716
124038069||006395074
118895877||006394574
135158915||006394434
134413652||006394205
1012895459||006394167
1068494182||006394132
134435443||006393845
124876919||006392180
117407690||006392121
134469100||006392008
118582259||006391931
13504426X||006391729
133044130||006391656
135063558||006391605
12977524X||006391265
13080200X||006390722
123163951||006390625
132047276||006385419
119320053||006385370
103787305||006385362
119401096||006385338
100657249||00638532X
135429757||006384579
1141270617||006384110
130627011||006382665
134449096||006382657
103773436||006382630
1012417131||006380018
123738652||006379990
116194928||006378498
119181959||00637641X
13548054X||00637574X
134467108||006375499
1140256114||006374468
11881897X||006373291
128979305||006373275
122060989||006373267
124207936||006373232
13455213X||006372627
129691240||00637140X
11953424X||006368565
134678257||00636778X
119171201||006367143
11901419X||006366414
119502763||006366341
120326396||006366333
1139498223||006366317
117128619||006366295
137857101||006366287
135273668||006365817
121347524||006365760
118920928||006365272
122999525||006364713
120542560||006363717
12055500X||006363695
1089840365||006362052
119484064||006361706
137253516||00636134X
135066719||006361307
121253171||006361242
124410014||006359825
128860782||006359817
1033380741||006358772
134450353||006358268
119003929||006357687
124399274||006356990
12894871X||006356745
123375304||006356737
116097108||006355986
13531397X||006355749
12338947X||006355722
137066066||006355684
119519046||006355447
11684213X||006355218
122777743||006355137
134314786||006354645
134506456||006354629
135301882||006354602
1076511910||006354564
13951662X||006354041
120148854||006353541
124729738||006353533
116839082||006353517
134890523||006352685
135302420||006352588
123609844||006349765
1125140127||006346553
124245099||006346537
119263033||006342574
133072843||006340369
135235324||006340318
118898175||00634030X
1107038979||006339492
124057179||006338496
124216080||006338461
134934083||006337082
1036821579||006337015
1069696471||00633699X
119081520||006336965
135106656||006336701
129518972||006336663
119154099||006336655
119165627||006336647
1014357578||006335675
134734211||006335640
1081914599||006335365
1047870096||006335020
103958274||006334490
104747378X||006334474
118816543||006334393
124342590||006334253
102411018||006334237
134612914||006334202
123167892||006334032
122319842||006333834
120656914||00633380X
120883678||006333796
117346748||006333591
134904583||006333583
135066379||006333559
122912098||006333494
123005868||006333389
103806768||006333311
12180769X||00633329X
118682830||006333281
123296323||006332277
1066805458||006332269
115335552||006332250
134355989||006332234
128428090||006332218
131514423||006331874
119503964||006331823
119452332||006331793
13459309X||006331270
128684933||006331262
115191186||006330533
118524666||00632889X
130085251||006328555
129095052||006328547
128483873||006327788
119280647||006327761
130859346||006327702
124397638||006327591
123865123||006327583
123329051||006327567
119286432||006327508
134503910||006326765
118575635||006326641
119390140||006326617
134510836||006326110
118512161||006324312
118654861||006324185
118829173||006320805
120482177||006320791
118920936||006320406
134642961||006320384
103867279||006319130
118906046||006318657
118820338||006318630
117226505||006318568
134324676||006318088
135008743||006318061
116194294||006318053
135332478||006318045
116234423||006317731
124326676||006317723
11688472X||006317715
116344237||006317707
116406364||006317693
134454545||006317685
122075501||006317650
134793250||006317596
119387565||006317065
124680038||006316808
118514954||006316735
119175487||006316719
120026252||00631645X
1019058889||00631631X
123814073||006315801
117296325||00631578X
123106400||006315763
174029950||006315755
123228662||006315739
119382210||006315712
117285323||006315550
132206374||006315534
129490172||006315526
12155435X||006314988
128959584||00631497X
11773134X||006314953
124641822||00631449X
130388696||006314481
129301256||006314473
127657819||006314333
135090075||006314317
122246772||006314295
119278324||006312713
118500546||006312705
119466880||006311725
121251004||006311687
121337383||006311652
135251729||006311636
134032543||006310486
136202500||006310427
134883454||006309739
116829303||006309720
124478085||006309712
1132834430||006308570
129486310||006308465
134386450||006308430
122163931||006308414
130866385||006308376
12964594X||006308333
133112675||006308309
103905685||006308287
189547170||006308260
12026918X||006308244
104099445||006307663
119378116||006307655
104093528||006307647
122116968||006307639
134586654||006307620
118511637||006307612
1132740290||006307469
115532056||006307108
117121142||006306837
103974067||006306799
104020954||006306640
121877965||006306608
11897792X||006306527
123925037||006306098
12849414X||006305733
134551028||006305393
13455146X||006305385
1089065272||006304672
139685375||006302904
129530425||006302327
1051653797||006302068
135063310||006300359
12447747X||006300227
1034933078||006300049
129289833||006299970
124816916||006299962
134145763||006299873
129203882||006299849
124404162||006299814
1067995196||006299113
135463564||006298915
139650830||006298192
13455308X||006297978
135422884||00629698X
134674456||006295266
129434612||006294715
134952200||006294685
11901680X||006294219
123917085||00629393X
136149065||006293611
143255703||006290612
118767933||006290566
119411903||006290523
124396968||006290337
135273684||006290329
134320026||006290205
128554576||006290191
128697644||006289762
134667808||006289347
139281568||00628874X
118567713||006287476
134584716||006287158
123320755||00628714X
118975099||006287123
11862444X||006286356
118642677||006286348
128518804||006283977
10384595X||006283365
122466047||006283314
117425214||006282954
118614800||00628292X
119458756||006281745
117382809||006281125
1122676204||006281044
117479276||00628101X
116971509||006279767
1063955769||006279678
123770343||006279643
118508555||00627840X
13606244X||006278302
143570714||006278159
135723302||006278124
122772091||006278078
118594869||006277926
119199211||006276601
122379926||006276598
134570898||006275664
136836178||00627563X
128857315||00627398X
1047602881||006273963
134330714||006270913
141041013||006270905
11851816X||006270840
103814248||006270743
1026693357||006270115
134587928||006269656
134703200||006269583
134490118||006269575
137491026||006269559
1089386095||006269532
130072109||006269524
124340369||006268412
11909455X||006267173
130325449||006266894
103823875||006266835
144055465||006265901
136761887||006265898
118740334||006265170
13519797X||00626509X
123789184||00626476X
135353661||006264301
129011134||006263437
138309906||00626316X
131387073||006261809
1026106540||006261787
134407903||006260403
117078751||006260047
134478177||006260039
118514520||006260020
134478347||006260004
134835069||006259995
118608819||006259405
135345251||006259111
12414652X||006256139
134000358||006256112
134598709||006256082
13461545X||006254489
189560002||006254187
119443880||006253172
1037884884||006253156
135911079||006253148
12658477X||00625313X
12195045X||006252761
112004992X||006252729
119276410||006252710
138243549||006251242
131387030||006250785
1126605735||006250386
122986857||006250106
103451730||006249655
134876547||006248721
103934030||006248446
119143518||006248217
1061435407||006248187
129314102||006248179
135095727||006248152
134469291||006247377
12272853X||006241409
12489867X||00624114X
122210166||006240534
135437385||006240518
104030364||006240496
124669441||006240046
103773452||00623979X
102411271||006239773
1125563184||006239420
107313010X||006237797
135407079||006237614
102488282||006237401
128823968||006237061
129935808||006236960
124707130||00623397X
118698370||006233678
130881686||006229042
143611410||006226698
123531624||006225985
117067482||006225977
1047025973||006225829
1089833423||006225403
122019385||00622525X
118775987||006225233
135633338||006224865
12417325X||00622332X
1073993337||006223109
134896459||006222455
103955143||006221815
118617451||006221289
132466562||006220665
119377438||006217265
119403277||006216862
134341147||00621634X
104034130||006216250
13801499X||006216234
12226715X||006215718
128911867||00621567X
1019137533||006214509
123994071||006214479
119552094||006214401
103946357||006214339
119060590||006214207
134442512||006213111
122493443||006213103
140642617||006212697
135386306||006212425
134587545||006212387
1047252732||006212204
116134380||006212158
134528514||006211593
134053583||006211232
121805115||006209963
118784714||006209181
11909908X||006209130
134385047||006209122
137554788||006209114
124071473||006207154
120540215||006207111
119190370||006206085
1114192929||006203418
134974158||00620337X
116397918||006202977
1089824262||006202942
128579323||006202403
103795804||006202349
1121816843||006202268
112181557X||006202179
144049392||006202152
1078229856||006201989
130255572||00620080X
136352138||006200567
134679814||006199925
119426188||006199909
134553888||00619754X
1044129190||006197531
119464926||006197515
135363187||00619740X
128944501||006197027
103792805||006196985
119299887||006196942
122361067||006196918
135290252||006196594
135016916||006196284
13257926X||006195822
14040161X||006195792
121810828||006195679
135081076||006195601
132707454||006194591
1017881529||006194524
1056992611||00619446X
134436288||006193455
134587456||006193005
132355264||006191819
134364481||006191800
11890227X||006191797
11868289X||006191525
11916213X||006191517
134364651||006191479
116434511||006191428
10810110X||006191371
127916148||006190081
128908173||006189725
122659686||006187951
134822412||006187420
137683375||006186904
1089728271||006186157
139125973||006186076
124409490||006185282
131662740||006185002
115829253||006184731
117176052||00618426X
122881680||006183972
133054314||006183913
119458748||006183891
130584568||006183883
103829016||006183875
102499241||006183239
100710786||006183220
116398833||006183182
130032379||006182984
103868615||006182933
1029674981||006182704
134902912||006182534
134355555||006182453
132421488||006182445
1102900621||006181600
136548024||006178413
1053757409||006178057
130259764||006177883
134352343||006177824
119274191||006177808
1052191991||00617776X
121542130||006176704
116510013||006176542
124641830||006176518
134745914||00617650X
121302490||006175988
118607413||006173810
131403958||006173802
116043660||006173071
116134062||006171729
116513195||006171613
118926403||006171591
134834860||006170811
119144956||006170765
139504672||006170722
118874950||006170714
1046657399||006170633
123162718||006170625
128861843||006170595
121930394||006170587
134729366||006170404
128630892||006170390
134624092||006167667
135212030||006167594
116350326||00616756X
13536390X||006166733
131488678||006166415
132077035||006166067
135158850||006164897
1029495297||006164854
12837229X||00616482X
13473680X||006164757
116041846||006164749
13506435X||006164730
189422211||006164676
129419966||00616465X
11950149X||006164536
13463201X||00616451X
1020515589||006164439
124660029||006164404
135156882||006164382
118971794||006163963
134388216||006162975
135323282||006162967
13450755X||006162886
13681798X||006159907
119262665||00615929X
135251451||006159273
118544551||006158951
130687413||006158382
130145424||006158366
124075878||006157769
118558064||00615722X
1053714955||006156819
135498228||006156681
135476577||006156266
134410157||006155553
134532422||006155278
124119026||006153569
12053584X||006153550
119445484||006152333
124769136||006151221
117530832||006147801
12425750X||006147615
116749253||006147593
128870338||006147054
134620267||006146953
103858849||006146570
1076490581||006145477
135503019||006145264
132486598||00614425X
124691838||006142133
132715422||006141536
118724428||00614067X
116360593||006140386
1031815996||00613971X
130642142||006139469
1015759742||006139450
135005086||006139167
1049818407||006139043
132573539||006138985
103803904||006138861
134953258||006138586
129293059||00613856X
122078691||006136605
118868306||006136419
118501135||006136370
128683082||00613632X
126746397||006135749
119210916||006133924
128593768||006132081
120160838||006129706
100213723||006129323
136390498||006128807
134511069||006126464
118688022||006126375
134953487||006124283
1023198746||006120768
1111666717||006120539
1014999030||006120318
1111136238||006118704
118849255||006118585
1043205845||006118496
119287854||006114849
119207087||006113869
123379881||006113257
10378943X||006112617
117734888||006112447
121057682||006110940
124146538||006107850
118812807||006106633
134584120||006105696
123402476||00610567X
134389468||006104851
135393442||006104614
134999932||006104606
118808230||006104533
134358287||006102913
123971217||006102891
102499705||006102859
129616214||006102247
116992484||006101836
134370589||006101186
119105683||006100953
131731750||006099246
122125576||00609886X
135241812||006097499
134373448||006097480
121231798||006097065
133943690||006096654
1075937663||006096263
134108051||006095836
123960355||006095127
103940308||006095062
136680488||006094996
133000141||006093523
122685164||006092934
142571717||006092845
134478320||006092748
122707494||006090400
129743461||006088619
130635782||006086020
130170399||006083366
1103157736||006083129
1081270667||006076556
132019485||006075134
120393522||006074561
120491834||006071988
124969828||00607197X
12150137X||006071961
130803634||006071945
134473671||006070175
1053015178||006069673
117602124||006069495
118767305||006069487
118955055||00606924X
13444180X||006068324
141340509||006066798
121469735||006066631
1071678329||006066151
134469372||006065201
119431297||006064450
137271700||00606440X
134534190||006064280
128536144||006063705
116114851||006063683
120557614||006063578
1100398368||006062989
128471867||00606258X
133043312||006062393
135024706||006062377
132588366||006059392
116064609||006058876
135106001||006058833
1044187654||006058809
123951232||006058612
116283297||006057799
134379691||00605773X
120331810||006057624
134375351||006056016
118768115||006055559
134736370||006054714
134881168||006054587
1034261320||006053548
134854284||006053092
131523627||006052967
118536656||006052134
134140206||006051901
11873282X||006051669
134814177||00605157X
134639960||006051561
119144220||006050794
116230002||006050786
131493582||006047319
119503638||006045677
102199175||00604557X
1098212479||006045472
174000839||00604476X
128541180||006044557
123186188||006042708
118971603||006041981
1097276600||006040276
173867898||006040209
118665618||006039588
134379381||006039243
117168378||006036821
134187474||006036554
135254299||006036228
1096337088||006035809
133464490||006034640
134530985||00603196X
117426784||006031919
118950568||006030971
124425917||00603084X
119458926||006029957
1069313831||006029914
1025137922||006027326
143872060||006026060
117367133||006025935
116627328||00602579X
116367032||006025730
13436418X||006025692
124969801||006025560
119552914||006025358
120491761||006024998
117743097||006024777
134673611||006024734
117417297||00602470X
1020308281||006024696
134640306||006024653
135273374||006023339
134854101||006023282
117428612||006023231
135033586||006022782
134351983||006022766
13801213X||006022715
134640470||006022650
131920057||006021964
12943356X||006021735
134382412||006021492
116012218||00602100X
1093437952||006020879
134612574||006020364
1093255099||006019773
134369580||006019277
118759671||00601920X
116325623||006019048
119450011||00601898X
129831689||006018939
135479932||006018882
10378585X||006018181
128758457||006018173
122635388||006017231
11723589X||006016871
1091100438||006016820
134012380||006016405
11955061X||006016235
134640683||006015719
120421747||00601562X
128508337||00601559X
134564375||006015557
117253421||006015298
118590480||006015212
119186039||006014917
115460608||006014682
122082826||006014321
134741390||006014232
134474775||006014054
1068041943||006014046
124399371||006012434
116017422||006012396
134381009||006011802
131446231||006010547
134621239||006009395
135075637||006008836
124883575||006008771
1088345336||006008607
103974199||006008259
1032146982||006004881
135189594||006002188
104947497X||006001866
130293725||006000517
1029395993||006000002
10389991X||005997771
137545398||005994403
134748573||005992109
13504099X||005991544
135515459||005988020
134591070||005987857
116799625||005985889
118511084||005983746
129486981||005982782
1050057864||005982499
128857269||005982456
118641972||005981646
12308489X||005978580
123536405||005978068
124344658||005977045
134338480||005976677
132100207||005976146
117408581||005975816
13460167X||005974844
118626620||005973600
134366859||005972582
117331090||005970458
1080973982||00597013X
1080873880||005969026
13064384X||005968321
116721391||005967929
118620967||005966949
134485459||005966922
132324652||005966906
117198897||005966876
129589438||005966698
130030163||005966604
130290157||005965543
134115082||00596539X
137706537||005962293
143954598||005960819
120491842||005960797
116636602||005960266
135447445||005960037
1043002839||005959365
12497032X||005958547
141013583||005958229
160221722||00595813X
119179040||005958121
119286335||005957923
116265256||005957486
1069207284||005957427
107028467X||005957419
1079823301||005957028
116291818||005955548
134543734||005954150
121361756||005953820
134860063||005953448
124812686||00595116X
1047138859||005950546
116632658||005949955
119004941||005949734
128768967||005949718
107924641X||00594967X
135441110||005949122
119278561||005945011
131037382||005944198
135032067||005944112
124201792||005941660
1077538618||005939089
124772439||005934796
138388539||005933218
120665336||005932777
11854974X||005931266
116113995||005930049
136643248||005925991
128374268||005925088
134580613||005925061
122222903||005924154
119264935||005923824
131856766||005922399
13218060X||005919711
135470889||005916852
136423116||005916577
11864839X||00591535X
1021106402||005914973
135192161||005913063
135289785||005909341
140303081||005909317
123819652||005908469
123800587||005907624
138701083||005907179
117223794||005907160
123920612||005904919
1021158879||005904390
134382382||00590434X
124691676||005903629
118935747||005903610
1075931711||005902428
1060905787||005897009
101415362X||005896789
134639871||005896762
1075515718||005894786
10390400X||005894573
118508253||005894255
118823035||005894085
136842380||005891868
132350572||00589106X
120941821||005890985
123727812||005890942
123610338||005889693
119290979||005888603
130815098||00588702X
116791357||005886988
132797062||005886929
131596535||005886295
116955074||005885353
134684001||00587940X
1035437961||005879167
117441090||005878373
131386565||005878160
122762215||00587811X
118563645||005877172
11854506X||005877016
134395123||005873509
121384047||005872421
121491153||005868912
13454997X||005868041
124756808||005867975
1073728692||005865697
116888652||005863635
120026600||005863457
1073592898||00586299X
133052982||005862981
134292170||005862973
130359378||005861152
131397052||005857058
119121328||005853907
100731139||005852749
135276861||005847680
124432840||005842042
13176456X||005839777
130861294||00583807X
132289873||005837723
133091767||005837391
122321553||005837014
1037377869||005835704
116631910||005835658
135086752||00583564X
134460421||005835275
118674714||005832845
124823114||005831482
134313070||00583144X
130581151||005831377
107124177X||005831059
135102936||005831016
117221406||005830435
135134064||005829674
12082082X||005829224
1058015125||005828376
134706366||005827558
142863084||005826357
123911117||005825946
13197162X||005825369
130563471||005825032
12089047X||005824532
117755109||005824079
121846482||005823498
134882970||005822750
118506552||005822408
118957643||005822394
123936276||005820707
136862055||005820693
133565807||005820510
124564879||005819105
124564844||005819091
118164368||005817234
1070191108||005816998
131557017||005814391
119148765||005814324
136480241||005814294
13478510X||005813239
1011894955||005812453
1056511443||005808332
129171158||005806844
128538732||00580518X
103946489||00580356X
128988878||005801397
121173887||005801362
142847925||005801338
130437646||005800404
118670352||005800366
1060934396||005800145
130841129||005800129
134785282||005798698
130134708||005797284
13480760X||005795494
117041556||00579501X
118503502||005793955
128961376||00579384X
11868292X||00579367X
119406551||00579241X
124078885||005791782
119161923||005791308
115429085||005790425
119323737||005788609
117368393||005787130
119296683||005787122
118587005||005785820
119052350||005785723
118709283||005784948
116896280||005782511
1044066407||005781809
135164605||005781787
1047397560||005781752
143268635||005781590
118829106||005781523
121302547||005780535
1044452234||005779324
121778428||005778956
119458810||00577599X
123311195||005772133
128649836||005772109
135045487||005768632
13437018X||005767407
128781807||005767296
1067061509||005767113
135240603||005766672
134348036||005765048
136154212||005765005
140255222||005764998
13502028X||005764971
1066770832||005763584
130105414||005763096
124118755||005762871
118504428||00576260X
135066123||00576243X
1066617015||005762383
1028574118||005762332
119384035||005762227
134685628||005762154
134370503||005762073
13489894X||005761840
135429668||005761778
134666267||00576176X
1066496099||005760879
134704355||005760844
133415295||005760429
1025730895||005759757
134452925||005759420
128824964||005755980
189411651||005755786
134694147||005755417
129234737||005755379
121181189||005755050
139408991||005754933
135254108||005754585
1012266346||005754321
135516765||005753740
134831128||005703417
134625331||005702763
101713300X||005699630
143635379||005699118
120393336||005698804
130173843||005698766
119249979||00569874X
1030545375||00569731X
130384542||005697190
1015956610||00569650X
119211653||005696232
1046030531||005695546
1064889689||005695058
128347805||005694809
135310385||005694388
1064798039||005693217
134763270||005691877
116418893||005690633
119469022||00568904X
11745169X||005688485
116087811||005687640
103838104||005686423
134911016||005686261
134965426||005686245
119425920||005686059
129773360||005684951
11688651X||005684102
134656792||005683742
130691291||005682789
134671244||005681596
117588288||005680646
135393957||005679834
1043461833||005677327
116432128||005676606
134531507||005675340
132320932||005675243
132062089||005673992
1063215250||005673925
1063214009||005673879
1063213932||005673860
135409748||005673828
129679313||005672589
135209730||005671604
1063045371||005671191
119262460||005670527
120185539||005669308
133405109||005667275
119427923||005664209
120868016||005662613
12262260X||005661773
116537620||005661730
103864865||005661277
128741775||005661250
128702915||005661242
135007674||005659876
134485068||005658896
124411576||005658144
12954650X||00565775X
116534060||005657709
133364526||005656001
1060331039||005654157
106032914X||005654122
116518685||005583543
11933996X||005583535
134702344||005582563
1047475588||005582474
119099640||005582075
122395883||005582008
118854070||005581141
137502249||005578698
118598929||005574463
1058614487||005574439
135035880||005573742
134742184||005572630
134329961||005571650
133785750||005571189
159459826||005571170
134960726||00557014X
1059088029||005570077
135035163||005569931
1017833699||005569834
134487109||005569710
13431266X||005569699
1059076489||005569621
134834208||005567440
115583467||005567254
124963056||005566657
115621032||005566460
104777920X||005566452
115453687||005566444
11809548X||005566436
1047777304||005566428
134484924||005566193
117366021||00556610X
120491036||005565545
119494582||005565162
1019621664||005565081
1051792819||005565030
134968077||005564654
1030599149||005564239
1058839810||005564212
135360935||005564131
134732650||005564115
1058828215||005564018
135007615||005563917
142223271||005563879
123318246||005562031
134467647||005561949
1058622188||005560918
134633725||005560861
1047790114||005560748
134345061||005560683
13437794X||005560063
134487370||005559863
134435036||005559820
135388120||005559715
136103642||005559553
124057144||005559278
138323461||005558778
13695295X||005558646
124366953||005558247
133974359||005557356
116490004||005556732
102533431||005556457
119525267||005555817
140143386||005554802
123882419||005553946
102424772||005552648
134736583||005551013
100417248||005548608
117485470||005547954
124737595||005546788
129014893||005546540
102834822||005546516
124498396||005545641
135488893||005544939
116300736||005544769
135216354||005455618
1024101495||005453747
128870443||005451647
129729930||005450918
117460354||005450888
105205191X||005448379
120521075||005448255
1054382719||005447992
135122627||00544716X
123876796||005447143
131802305||005445957
11951365X||005445930
134659392||005445043
116010231||005444217
128843535||005443725
11739176X||005442893
134524500||005442621
119388820||005442575
134980433||00544165X
122002717||005441188
13023804X||00544117X
119320088||005440645
124709435||005439140
116298413||005438381
134778332||005437407
116953829||005436958
1043139028||005436516
129389641||005436028
131745891||005435765
12907330X||005435323
103811796||005434890
124867227||005434815
104274255||005434521
123525721||005434459
119526786||005434440
119534843||005434335
132355183||005434319
1043035338||005434262
132098091||005433975
134725409||005433487
1028249543||005433363
135020271||005432324
130634107||005431395
132218542||005430844
118592270||005430453
118522493||005429684
120265567||005429552
122080459||005429536
100497756||005425522
120734303||005425204
118960032||005424526
1052430910||00542433X
131648276||005424143
134640489||005421624
134035488||005421373
123218411||005421179
119335131||005417511
1051997984||00541721X
135091594||00541623X
123656109||005415780
128399430||005415616
138774803||005415578
119526298||005415551
119555875||005415500
123960401||005415470
124295517||005415411
122480740||005415020
131434659||005414199
135401283||005414156
119379457||005412366
123161460||005412331
136319068||005411777
118587579||005410886
129493112||005409381
116409681||005408326
1051519101||005408229
118532308||005407915
134343484||005406412
126791015||005405912
118797484||005404754
134429443||005404320
119297647||005403731
135296072||005402980
115622578||005402794
1029426422||005402654
1019498471||005402123
13213330X||00540200X
137817886||005401550
134652851||005401313
1036616045||005401208
123575451||005399173
12405384X||005397855
117303704||005397057
116567309||005397049
119040263||005396492
1050688562||005396417
129996513||005393841
119024578||005391385
116637099||005390745
138038406||005390656
135257476||005390648
116410965||005390109
130583820||005385598
1032169761||00538527X
134386914||005384605
134740750||00538432X
1022346490||005383811
104137444||005383471
118698796||005383439
128824832||005383382
1049722663||00538303X
1049714423||005382696
135111439||00538267X
124734197||005382645
1049710800||005382327
134805577||005381614
1046755544||005381487
1049650220||005380480
124623719||005379679
11810473X||005379555
132316277||005378958
102338469||005378583
134949161||00537815X
123009111||005377463
1020031786||005377161
1049486579||005377110
119155699||005377064
1046301845||005376483
138382972||005376432
13352115X||005376076
1017646643||005375886
123009103||005375657
1024261654||005375339
1049422090||005374987
1049409132||005374510
134424115||005374251
1049395344||005374219
135285380||005374162
134724348||005374138
134322304||005374111
104130885X||005373751
1049275330||005371759
135324238||005371708
135183839||00537166X
1049228170||005370612
134487842||005370566
134366794||005370515
124137148||005370477
135148774||005370361
134347951||005370213
1013546660||005370132
13490107X||005370086
135048664||005369843
135046505||005368685
134828070||005368669
138255180||005368138
134337719||005367913
134714385||005367816
134647416||005367778
121487660||005367751
134594711||005367735
135247780||005367719
134388690||005367670
134352084||005367611
13264679X||005367565
124883664||005365481
1048599744||00536535X
118626787||005365341
134781422||005365171
13486543X||005365015
134661230||005364965
134400577||005364906
135163390||00536485X
118863320||005364728
1048572188||005364485
13446320X||005364469
135102456||005364396
134755065||005364337
134487710||005363632
134854357||005363616
119547295||00536356X
134616804||005363462
134451236||005363438
118730770||005362830
118680412||005362822
129809020||005362229
12442368X||005361273
118866257||005360978
134848411||005360773
122210417||005359260
135216672||005359082
120722011||005359066
123174619||005357969
116915315||005357071
128962275||00535451X
123631742||005354099
129014885||005354064
12888827X||00535398X
130005886||005353793
134566009||005353440
1048113965||005353408
104242523||005353211
13530959X||005352606
11930094X||005352592
133053911||005352568
116383577||005351006
118616536||005348544
119053500||005347742
135916488||005346010
101363184||005345561
118841963||005343984
117191493||005343763
118630822||00534302X
134669126||005342309
122319591||005340977
11881091X||005340195
119513021||005339588
118752456||005338964
12048837X||005337895
11914008X||005337771
12099321X||005337402
134389042||005337372
104024488||005335221
119149400||005334233
128351748||005333660
119432714||005333490
129853461||005333008
116650761||00533179X
124539718||005326796
123954711||005326680
1012407349||005326524
134591992||005326508
118845306||005326478
119403544||005326400
135318785||005325463
134725530||005325412
1038548012||005325382
129444073||005325285
140957596||00532212X
117401625||00532193X
119162113||005320887
118689614||005320089
122186702||005319374
128773626||005318262
118594168||005316227
136544312||005312728
13243010X||005312531
128917709||005312442
131631640||005312426
118937774||005311314
130000345||00530914X
132674076||00530881X
13542772X||005308763
12261447X||005308755
129495395||005307767
119397986||005307600
134345797||005307074
1046075462||005306795
1020122781||005306779
134681231||005306736
134761227||00530668X
134880005||005306663
128522496||005306639
134836898||005306531
134562526||005306507
119240661||005303613
128550562||005302668
132945991||005302374
135279380||005301378
118627201||005300029
135072468||005298709
134406907||005297583
123600146||005297516
127764879||005297494
121418057||00529598X
13297312X||005295246
122550587||005294274
105235466||00529424X
1045046434||005294088
119150131||005294010
11910184X||005293820
118867539||005293677
132986299||005293316
122573501||005293286
13480130X||005293235
128581662||005293081
135208815||005292670
135258960||005292646
128907983||005292581
123900239||00529200X
116514728||00528953X
1041848943||005288622
121559300||005288525
141319658||005287642
119500027||005284945
116762756||005284694
134054954||005284457
118988611||005283329
128777664||005283280
123416205||005280958
116261277||005278724
120860929||005277485
135351146||005276322
134387430||005276217
123885892||00527592X
123369398||00527558X
130006033||005275547
118975773||005275156
118710281||005274273
130615595||005274095
123485142||005273447
118534424||00527009X
116176156||005267897
120558947||005265398
12496205X||005265258
134872231||005264502
118835572||005264022
116589930||00526359X
118625896||00526216X
116849088||005261775
118560247||00526085X
131404865||005259037
11892737X||00525891X
130019488||005257778
116838450||005257743
124411517||005256267
118524097||005255864
123998204||005254191
118638629||005252156
118843443||005251508
118980939||005251273
123878829||005251176
134715381||005251001
119001446||005249562
130059277||005249449
119267624||005249406
136365426||005249279
132945614||005248876
134478940||005248795
116565292||005247403
129347906||005247276
124198554||005247179
135185262||005247160
134885686||005247144
1041630336||005247128
134544137||00524711X
135360722||005247101
1041629311||005247098
1041611765||005246466
1041611544||005246458
134566297||005246148
134698541||005246091
122450884||005245354
123769604||005245168
133146146||005245125
116319011||005244889
119015277||005243114
122261577||005243041
132396122||005242436
121490785||005241553
134445295||005240972
130091200||005240883
134328264||005240093
104044802||005239680
130158224||005239648
139818472||005238978
119082365||005238935
116263008||005238757
130132292||005237580
100488153||005236533
1037000986||005236169
118781375||005235995
1038265975||005235391
134400887||005235367
119183242||005235316
123707609||005235235
104209054||005235014
119285517||005233607
135137837||005233178
132149370||005230047
135115558||005229391
123643155||005227968
117041203||005227518
11704122X||00522750X
119000725||005227445
142127256||005225752
119079070||005225345
13435902X||005225329
139794700||005223881
135161320||005223865
11634301X||005223164
1037356535||005223156
118532677||00522196X
120409089||005221188
119172275||005219957
119350971||005219663
124557074||005218357
123778352||005217741
119443252||005217059
135427053||005217024
11705867X||005216753
116119985||005212944
134404637||005212448
120541874||005211417
103829008||005209862
135059453||00520979X
116473843||005208343
1026700213||005207983
117162035||005206103
119385872||005205867
135898838||005202450
119002027||005202000
129449539||005200075
1036548031||005196337
133333523||005195772
121073106||005194717
138973970||005194261
119145332||005193524
121806286||005192714
11905907X||005190649
130019232||005190118
123385733||005189969
123980313||005188903
173100600||005187893
118500511||005187591
124344216||005187168
100524893||005186714
116549394||005183561
1035681501||005182972
129053813||005181798
135065631||005181232
12485284X||005180783
128950285||005180279
17388654X||005180236
134505441||005180228
122703987||005180147
134943589||005179602
1013283368||005179351
135044537||005178924
134903730||005178460
118937650||005178029
123962927||005177952
135041287||005176530
134824474||005176484
116367806||005175240
130338729||005174740
124208738||005174619
117071099||005174201
12046246X||00517418X
134443705||00517404X
134756479||005173582
129460257||005173450
12280239X||005173205
13026895X||00517306X
12110592X||005172071
116957948||005171520
104011343||00517080X
119036738||005169755
118613073||005167655
129968986||005167337
134931319||005166039
119331128||005165296
134604970||005159849
134475941||005157331
1033848867||005157137
119503700||005154766
129659185||005154405
118540866||005154162
128988797||005151562
117398810||005150949
128910615||00515037X
123716055||005150302
119389827||005150280
104345519||005149282
104307544||005149274
103979182||005149134
134896602||005149045
140218904||005146208
1033330280||005145791
134706633||005145538
134833937||005145481
104016515||005145198
134839862||005144450
108981643X||005142873
134638824||00514244X
119267632||005142261
142573469||005141540
140645241||005141532
104016310||005141524
142578398||005141516
13432479X||005140781
135520703||005139996
117443018||005139155
134626885||005138914
138397775||005138884
1032984112||005138868
13525793X||005138116
119461498||005136563
1032911247||005136547
1032891238||00513563X
135123518||005135540
1032884347||005135346
118917994||00513515X
117178101||005133947
11732633X||005133688
116230924||005133521
133676021||005129796
131451332||005128927
119416085||005128676
118972030||00512803X
13525325X||005128005
1032554665||005127963
134699211||005127939
138390878||005127831
1020577517||005127580
140956174||005127467
124614442||005127440
135419743||005127297
123635462||005127254
124412475||005125960
134419510||005125618
115711449||005125472
123900409||005125170
128378131||005125154
124057993||005124999
118949519||00512476X
121948315||005124670
11867983X||005124425
132382407||005124387
103957480||005124360
102411050||005124352
123921058||005123739
132356120||005122341
132830973||00512221X
124952658||005122082
120367246||005122031
134908724||005121981
135200156||005121876
119409542||005121779
12206206X||005121078
141746556||005121000
115440658||005120993
119444461||005120853
13778368X||005120594
134316533||005119278
137055064||005118395
116899530||00511828X
121397661||005117836
134294610||005117062
103943013||005117011
135061156||005116988
1031675825||005116562
129492841||005115493
104224002||005111226
118779184||005110742
130632473||005110122
141093420||00510615X
134332512||005106036
132975734||005106001
135196159||005105838
119020610||005103231
10637835X||005102448
1031289127||005101743
1013443349||005101204
13457303X||005100305
134195043||005100240
119500132||00509996X
123557836||005099684
104064137||005098688
122027574||005095506
122325133||005095492
13545459X||005093368
134894650||005092035
130622281||005091136
116396717||005090741
11885996X||005085284
130234052||005084342
122966821||005083699
133255859||005082250
1030310947||005081823
142369306||005081696
134970160||005080851
117432563||005080169
123658292||005074584
124278248||005074428
133551245||005065372
134816749||005062713
10395578X||005062705
134339096||005062519
128495952||005062454
1029753563||005061571
134334558||005061520
119543516||005061393
120436671||005061350
123592739||005060702
1029689245||005059739
132172313||00505382X
133055175||005052955
1029457751||005050170
129902950||005049555
134856341||005049474
119392992||005032504
134878841||005031575
123728835||005028825
117380970||005028604
143385887||005027071
122179404||005025990
122427769||005025036
129214434||005024544
135243904||005024005
124660258||00502398X
134330021||005022843
135346703||005017513
1023789000||005017483
1028404484||005017440
134934792||005017149
118529897||005015774
120377047||005013062
11930225X||005012228
137359977||005011434
135411793||005011418
119386585||005011329
118522019||005010764
134865375||005010756
14041925X||005010624
1026869285||00501056X
13475879X||005010500
134639790||005010497
134465261||005010489
134481836||005010438
134625919||005010330
134418832||005010322
134847881||00501025X
134706781||005010217
134583604||005010128
134324587||005010098
135296978||005010071
143255355||005010055
132095106||005009111
13515667X||005008840
134375904||005008735
134550579||005008727
134579542||005008697
1026032407||005008654
134642031||005007550
13467037X||005007402
118533312||005007380
129480797||005006740
1021214523||005004926
135486149||00500490X
138698627||005004888
135520533||005004853
1026170346||005004837
134524748||005004721
135356946||005004683
135410835||005004640
134881575||005004616
135227569||005004578
135119766||005004551
135445124||005004497
135516161||005004470
135418119||005004454
136532306||005004438
134778146||005004411
119282976||005004381
135190282||005004373
135456576||005003830
135356792||005003784
134814894||005003768
1027738281||005003741
134985176||005003709
139787666||005003067
12191111X||005003040
13084120X||005003016
135329752||005002877
135045827||005002869
134314484||005002842
13547504X||005002826
135949815||00500280X
140689354||005002753
13513045X||005002729
135049105||005002702
118769243||005002451
116797126||005002419
11657111X||005001455
128842563||005000998
122269357||004999320
138320225||004998499
1012782336||004998308
13468513X||004998049
135175992||004997069
134663977||004996968
1016853416||004996771
104106271||004993802
104372796||004993772
1027356575||004993209
128868708||00499311X
103814043||004992407
124629776||004991559
119189267||004991281
1027244084||004990595
135829429||004989759
128477091||00498949X
118713051||004989279
1025489055||004988698
137732562||004988671
123841844||004988221
134144988||004987470
132117096||004987462
130203858||004987292
11860936X||004987098
1015082122||004986210
121280071||004985206
139002170||004984544
128535601||004984102
129461105||004983947
134964802||004983556
134357973||004983432
119084007||004983408
134871766||004983041
116332662||004982681
118540564||004980565
123211573||00498000X
130112488||00497946X
140528989||004978730
13515779X||004978714
119032341||004976827
116111852||004974743
118709410||004974611
117466506||00497445X
102644697X||004973275
130456314||004972945
135058430||004972651
132234165||00497218X
134472314||004971949
104017120||004971531
13